x <- c(0.93574997, 0.59668852, 0.14099586, 0.60337616, 0.06934828,
  0.31195638, 0.65552207, 0.43761772, 0.23104416, 0.2079474 ,
  0.00880689, 0.748106  , 0.14172694, 0.29748414, 0.27788436,
  0.12641437, 0.87162529, 0.08559733, 0.75647661, 0.09283353,
  0.93856146, 0.02598675, 0.86833709, 0.99174545, 0.64876274,
  0.71898624, 0.9974957 , 0.06693825, 0.36614884, 0.31110188,
  0.84498913, 0.99164562, 0.96780632, 0.39450472, 0.70352051,
  0.76547766, 0.70080564, 0.07769057, 0.2909057 , 0.39037688,
  0.17360549, 0.18698259, 0.47065393, 0.35918298, 0.27853852,
  0.74642571, 0.27326934, 0.22893231, 0.3186543 , 0.70064626,
  0.96806904, 0.22938628, 0.93613994, 0.32187112, 0.29864387,
  0.74713583, 0.37864628, 0.83613548, 0.99082206, 0.14185933,
  0.28490406, 0.2112475 , 0.8344016 , 0.91371039, 0.32987592,
  0.81147253, 0.08560701, 0.31166875, 0.67618698, 0.20524128,
  0.53131665, 0.32945716, 0.77875472, 0.42281974, 0.24602427,
  0.72462783, 0.60300481, 0.99628429, 0.22114106, 0.23274644,
  0.64196718, 0.05040742, 0.82854899, 0.72366089, 0.14437886,
  0.52440692, 0.39038331, 0.60320358, 0.17059139, 0.20903233,
  0.11805634, 0.09180915, 0.16658577, 0.89941237, 0.47054322,
  0.30932009, 0.7977244 , 0.27781604, 0.36955401, 0.9671276)

y <- c(2.00527015e-01, 4.25684463e-01, 5.63051238e-01, 4.94102006e-01,
       9.94354179e-01, 2.68916528e-01, 9.58852592e-01, 8.12118072e-01,
       1.14882694e-01, 8.14145386e-01, 6.36771439e-01, 4.05077259e-02,
       2.59950736e-01, 5.83942006e-01, 3.61513931e-01, 2.08455291e-01,
       7.32416075e-01, 9.78249797e-01, 4.94073313e-01, 5.02007944e-01,
       1.34387932e-01, 2.21563390e-01, 9.26588020e-02, 2.13221145e-01,
       2.36197971e-01, 9.23956556e-01, 9.07469832e-01, 6.90095781e-01,
       1.26838560e-01, 1.21393156e-01, 7.53756626e-01, 9.62716977e-01,
       8.41072603e-01, 1.68459434e-01, 4.13455801e-01, 5.37593583e-01,
       7.86631868e-01, 1.34294734e-01, 1.26661256e-01, 7.09176019e-01,
       6.30020447e-01, 5.79179547e-01, 2.50695114e-01, 5.64049118e-01,
       4.49894287e-01, 6.31291925e-01, 6.99227344e-03, 3.64595630e-01,
       7.40933916e-01, 9.53723261e-01, 3.61662156e-02, 2.72887668e-01,
       5.27946689e-01, 9.93528843e-01, 7.64186827e-01, 5.16084949e-01,
       2.83757306e-01, 2.80144063e-01, 2.47659498e-01, 5.94307692e-01,
       1.12417694e-01, 3.00869378e-01, 2.55073809e-01, 1.83387529e-01,
       4.26713848e-01, 6.60418160e-01, 2.15773927e-01, 3.22483404e-01,
       6.36599036e-01, 8.88943081e-01, 2.80192233e-01, 8.68427018e-02,
       3.19899910e-01, 3.48203220e-01, 1.33765013e-01, 8.77635673e-01,
       4.86509110e-01, 2.52102031e-01, 1.36910182e-01, 8.15098804e-01,
       4.41186816e-01, 1.07477268e-04, 7.16824504e-01, 5.97652063e-02,
       3.02572294e-01, 1.40954023e-01, 2.32976824e-01, 4.40504045e-01,
       5.97781687e-01, 5.55781519e-01, 2.22354437e-01, 2.46846977e-01,
       2.90593048e-01, 9.68696436e-01, 7.52317654e-01, 2.04186188e-01,
       5.41866007e-01, 3.53146306e-02, 2.76784051e-01, 2.65228939e-01)

z <- array(c(x, y), dim=c(100, 2))

