mp <- 938.2720813
me <- 0.5109989461
c <- 299792458.0
epsilon_0 <- 8.854e-12